40.000000,0,0.000000
39.990360,0,0.003080
39.961480,0,0.012360
39.913360,0,0.027760
39.846040,0,0.049280
39.759600,0,0.076840
39.654080,0,0.110320
39.529600,0,0.149680
39.386200,0,0.194760
39.224080,0,0.245400
39.043320,0,0.301520
38.844120,0,0.362880
38.626600,0,0.429320
38.390960,0,0.500680
38.137400,0,0.576720
37.866160,0,0.657200
37.577440,0,0.741920
37.271520,0,0.830680
36.948640,0,0.923120
36.609080,0,1.019080
36.253160,0,1.118240
35.881160,0,1.220360
35.493480,0,1.325160
35.090400,0,1.432320
34.672320,0,1.541640
34.239600,0,1.652760
33.792640,0,1.765400
33.331840,0,1.879320
32.857680,0,1.994200
32.370520,0,2.109720
31.870840,0,2.225640
31.359120,0,2.341640
30.835840,0,2.457440
30.301480,0,2.572800
29.756560,0,2.687360
29.201600,0,2.800880
28.637120,0,2.913080
28.063720,0,3.023680
27.481880,0,3.132400
26.892160,0,3.239000
26.295200,0,3.343160
25.691560,0,3.444680
25.081840,0,3.543320
24.466600,0,3.638720
23.846520,0,3.730760
23.222160,0,3.819080
22.594200,0,3.903560
21.963200,0,3.983880
21.329880,0,4.059880
20.694840,0,4.131320
20.058720,0,4.197960
19.422200,0,4.259680
18.785920,0,4.316240
18.150560,0,4.367440
17.516720,0,4.413200
16.885120,0,4.453280
16.256440,0,4.487560
15.623920,0,4.515440
14.990400,0,4.534800
14.361720,0,4.545320
13.738520,0,4.547040
13.121600,0,4.539920
12.511640,0,4.524080
11.909360,0,4.499520
11.315440,0,4.466360
10.730600,0,4.424760
10.155480,0,4.374840
9.590840,0,4.316840
9.037240,0,4.250880
8.495360,0,4.177240
7.965840,0,4.096200
7.449280,0,4.008000
6.946280,0,3.912960
6.457360,0,3.811400
5.983120,0,3.703680
5.524040,0,3.590160
5.080680,0,3.471200
4.653440,0,3.347200
4.242840,0,3.218560
3.849240,0,3.085680
3.473080,0,2.948960
3.114760,0,2.808840
2.774600,0,2.665760
2.452880,0,2.520080
2.149960,0,2.372280
1.866080,0,2.222680
1.601480,0,2.071800
1.356400,0,1.919920
1.131000,0,1.767480
0.925480,0,1.614800
0.739960,0,1.462200
0.574560,0,1.310080
0.429360,0,1.158640
0.304480,0,1.008240
0.199960,0,0.859040
0.115800,0,0.711320
0.052000,0,0.565240
0.008560,0,0.420960
-0.014560,0,0.278600
-0.017360,0,0.138240
0.000000,0,0.000000
0.037120,0,-0.134320
0.093480,0,-0.262800
0.168960,0,-0.385520
0.263440,0,-0.502440
0.376680,0,-0.613560
0.508560,0,-0.718920
0.658840,0,-0.818480
0.827280,0,-0.912240
1.013680,0,-1.000320
1.217800,0,-1.082640
1.439280,0,-1.159320
1.677920,0,-1.230320
1.933400,0,-1.295760
2.205440,0,-1.355680
2.493640,0,-1.410160
2.797760,0,-1.459200
3.117440,0,-1.502960
3.452280,0,-1.541520
3.802000,0,-1.575000
4.166240,0,-1.603480
4.544560,0,-1.627080
4.936640,0,-1.645960
5.342120,0,-1.660320
5.760600,0,-1.670240
6.191680,0,-1.675960
6.635000,0,-1.677600
7.090160,0,-1.675440
7.556760,0,-1.669640
8.034440,0,-1.660440
8.522720,0,-1.648080
9.021280,0,-1.632760
9.529680,0,-1.614760
10.047520,0,-1.594360
10.574360,0,-1.571800
11.109800,0,-1.547320
11.653400,0,-1.521240
12.204720,0,-1.493840
12.763400,0,-1.465400
13.328880,0,-1.436160
13.900800,0,-1.406440
14.478640,0,-1.376520
15.062000,0,-1.346640
15.650360,0,-1.317080
16.248320,0,-1.287920
16.857480,0,-1.257480
17.469960,0,-1.225560
18.085120,0,-1.192360
18.702480,0,-1.158080
19.321360,0,-1.122840
19.941280,0,-1.086880
20.561600,0,-1.050320
21.181760,0,-1.013360
21.801120,0,-0.976120
22.419160,0,-0.938760
23.035200,0,-0.901400
23.648720,0,-0.864200
24.259120,0,-0.827280
24.865760,0,-0.790680
25.468080,0,-0.754560
26.065480,0,-0.718960
26.657360,0,-0.683960
27.243120,0,-0.649640
27.822200,0,-0.616080
28.394040,0,-0.583280
28.958000,0,-0.551320
29.513600,0,-0.520200
30.060200,0,-0.490000
30.597240,0,-0.460680
31.124240,0,-0.432240
31.640600,0,-0.404760
32.145800,0,-0.378200
32.639280,0,-0.352600
33.120640,0,-0.327880
33.589240,0,-0.304120
34.044680,0,-0.281280
34.486440,0,-0.259360
34.914040,0,-0.238360
35.327040,0,-0.218240
35.725040,0,-0.199040
36.107520,0,-0.180720
36.474160,0,-0.163280
36.824480,0,-0.146720
37.158160,0,-0.131040
37.474800,0,-0.116240
37.774080,0,-0.102320
38.055680,0,-0.089240
38.319200,0,-0.077080
38.564440,0,-0.065760
38.791120,0,-0.055360
38.998920,0,-0.045800
39.187640,0,-0.037160
39.357120,0,-0.029400
39.507080,0,-0.022520
39.637400,0,-0.016560
39.747920,0,-0.011520
39.838560,0,-0.007360
39.909120,0,-0.004160
39.959600,0,-0.001840
39.989880,0,-0.000480
40.000000,0,0.000000
